Processing matrix from file: matrix3.txt
[[0.  0.  0.  0.  3.5 0.  0. ]
 [0.  0.  0.  0.  3.5 0.  0. ]
 [0.  0.  0.  0.  3.5 0.  0. ]
 [0.  0.  0.  0.  3.5 0.  0. ]
 [3.5 3.5 3.5 3.5 0.  0.  0. ]
 [0.  0.  0.  0.  0.  0.  0. ]
 [0.  0.  0.  0.  0.  0.  0. ]]
Weight of the optimal tree: 14.0
Processing matrix from file: matrix8.txt
[[ 0.  0.  0.  0.  0. 10.  0.  0.  0.]
 [ 0.  0.  0.  0.  0. 10.  0.  0.  0.]
 [ 0.  0.  0.  0.  0. 10.  0.  0.  0.]
 [ 0.  0.  0.  0.  0. 10.  0.  0.  0.]
 [ 0.  0.  0.  0.  0. 10.  0.  0.  0.]
 [10. 10. 10. 10. 10.  0.  0.  0.  0.]
 [ 0.  0.  0.  0.  0.  0.  0.  0.  0.]
 [ 0.  0.  0.  0.  0.  0.  0.  0.  0.]
 [ 0.  0.  0.  0.  0.  0.  0.  0.  0.]]
Weight of the optimal tree: 50.0
Processing matrix from file: matrix5.txt
[[0. 0. 0. 0. 0. 5. 0. 0. 0.]
 [0. 0. 0. 0. 0. 5. 0. 0. 0.]
 [0. 0. 0. 0. 0. 5. 0. 0. 0.]
 [0. 0. 0. 0. 0. 5. 0. 0. 0.]
 [0. 0. 0. 0. 0. 5. 0. 0. 0.]
 [5. 5. 5. 5. 5. 0. 0. 0. 0.]
 [0. 0. 0. 0. 0. 0. 0. 0. 0.]
 [0. 0. 0. 0. 0. 0. 0. 0. 0.]
 [0. 0. 0. 0. 0. 0. 0. 0. 0.]]
Weight of the optimal tree: 25.0
Processing matrix from file: matrix6.txt
[[0. 0. 0. 5. 0.]
 [0. 0. 0. 5. 0.]
 [0. 0. 0. 5. 0.]
 [5. 5. 5. 0. 0.]
 [0. 0. 0. 0. 0.]]
Weight of the optimal tree: 15.0
Processing matrix from file: matrix1.txt
[[0.  0.  0.  1.5 0. ]
 [0.  0.  0.  1.5 0. ]
 [0.  0.  0.  1.5 0. ]
 [1.5 1.5 1.5 0.  0. ]
 [0.  0.  0.  0.  0. ]]
Weight of the optimal tree: 4.5
Processing matrix from file: matrix2.txt
[[0. 0. 0. 0. 1. 0. 0.]
 [0. 0. 0. 0. 1. 0. 0.]
 [0. 0. 0. 0. 1. 0. 0.]
 [0. 0. 0. 0. 1. 0. 0.]
 [1. 1. 1. 1. 0. 0. 0.]
 [0. 0. 0. 0. 0. 0. 0.]
 [0. 0. 0. 0. 0. 0. 0.]]
Weight of the optimal tree: 4.0
Processing matrix from file: matrix4.txt
[[0.  0.  0.  0.  0.  0.5 0.  0.  0. ]
 [0.  0.  0.  0.  0.  0.5 0.  0.  0. ]
 [0.  0.  0.  0.  0.  0.5 0.  0.  0. ]
 [0.  0.  0.  0.  0.  0.5 0.  0.  0. ]
 [0.  0.  0.  0.  0.  0.5 0.  0.  0. ]
 [0.5 0.5 0.5 0.5 0.5 0.  0.  0.  0. ]
 [0.  0.  0.  0.  0.  0.  0.  0.  0. ]
 [0.  0.  0.  0.  0.  0.  0.  0.  0. ]
 [0.  0.  0.  0.  0.  0.  0.  0.  0. ]]
Weight of the optimal tree: 2.5
Processing matrix from file: matrix7.txt
[[0. 0. 0. 1. 0.]
 [0. 0. 0. 1. 0.]
 [0. 0. 0. 1. 0.]
 [1. 1. 1. 0. 0.]
 [0. 0. 0. 0. 0.]]
Weight of the optimal tree: 3.0
