Processing matrix from file: hc3.txt
[[0.  0.  0.  ... 7.  0.  7.5]
 [0.  0.  0.  ... 0.  7.  7.5]
 [0.  0.  0.  ... 7.  0.  7.5]
 ...
 [7.  0.  7.  ... 0.  0.  0. ]
 [0.  7.  0.  ... 0.  0.  0. ]
 [7.5 7.5 7.5 ... 0.  0.  0. ]]
Weight of the optimal tree: 1296.5
Processing matrix from file: matrix3.txt
[[0.  0.  0.  0.  0.  1.5 3.5]
 [0.  0.  0.  0.  0.5 0.  3.5]
 [0.  0.  0.  0.  0.5 0.  3.5]
 [0.  0.  0.  0.  0.  1.5 3.5]
 [0.  0.5 0.5 0.  0.  0.  0. ]
 [1.5 0.  0.  1.5 0.  0.  0. ]
 [3.5 3.5 3.5 3.5 0.  0.  0. ]]
Weight of the optimal tree: 18.0
Processing matrix from file: mst6.txt
[[0.  0.  0.  ... 7.5 7.5 8. ]
 [0.  0.  0.  ... 0.  0.  8. ]
 [0.  0.  0.  ... 0.  0.  8. ]
 ...
 [7.5 0.  0.  ... 0.  0.  0. ]
 [7.5 0.  0.  ... 0.  0.  0. ]
 [8.  8.  8.  ... 0.  0.  0. ]]
Weight of the optimal tree: 912.5
Processing matrix from file: matrix8.txt
[[ 0.   0.   0.   0.   0.   0.   0.  10.  10. ]
 [ 0.   0.   0.   0.   0.   0.   7.5  0.  10. ]
 [ 0.   0.   0.   0.   0.   0.   7.5  0.  10. ]
 [ 0.   0.   0.   0.   0.   5.   0.  10.  10. ]
 [ 0.   0.   0.   0.   0.   5.   0.  10.  10. ]
 [ 0.   0.   0.   5.   5.   0.   0.   0.   0. ]
 [ 0.   7.5  7.5  0.   0.   0.   0.   0.   0. ]
 [10.   0.   0.  10.  10.   0.   0.   0.   0. ]
 [10.  10.  10.  10.  10.   0.   0.   0.   0. ]]
Weight of the optimal tree: 105.0
Processing matrix from file: matrix5.txt
[[0. 0. 0. 0. 0. 5. 0. 5. 5.]
 [0. 0. 0. 0. 0. 5. 0. 5. 5.]
 [0. 0. 0. 0. 0. 0. 5. 0. 5.]
 [0. 0. 0. 0. 0. 0. 5. 0. 5.]
 [0. 0. 0. 0. 0. 0. 0. 5. 5.]
 [5. 5. 0. 0. 0. 0. 0. 0. 0.]
 [0. 0. 5. 5. 0. 0. 0. 0. 0.]
 [5. 5. 0. 0. 5. 0. 0. 0. 0.]
 [5. 5. 5. 5. 5. 0. 0. 0. 0.]]
Weight of the optimal tree: 60.0
Processing matrix from file: hc2.txt
[[0.  0.  0.  ... 0.  0.  9.5]
 [0.  0.  0.  ... 8.  8.  9.5]
 [0.  0.  0.  ... 0.  8.  9.5]
 ...
 [0.  8.  0.  ... 0.  0.  0. ]
 [0.  8.  8.  ... 0.  0.  0. ]
 [9.5 9.5 9.5 ... 0.  0.  0. ]]
Weight of the optimal tree: 1478.0
Processing matrix from file: matrix6.txt
[[0.  0.  0.  0.5 5. ]
 [0.  0.  0.  0.  5. ]
 [0.  0.  0.  0.5 5. ]
 [0.5 0.  0.5 0.  0. ]
 [5.  5.  5.  0.  0. ]]
Weight of the optimal tree: 16.0
Processing matrix from file: matrix1.txt
[[0.  0.  0.  0.5 1.5]
 [0.  0.  0.  0.  1.5]
 [0.  0.  0.  0.5 1.5]
 [0.5 0.  0.5 0.  0. ]
 [1.5 1.5 1.5 0.  0. ]]
Weight of the optimal tree: 5.5
Processing matrix from file: hc1.txt
[[0.  0.  0.  ... 0.  0.  9. ]
 [0.  0.  0.  ... 0.  0.  9. ]
 [0.  0.  0.  ... 7.5 7.5 9. ]
 ...
 [0.  0.  7.5 ... 0.  0.  0. ]
 [0.  0.  7.5 ... 0.  0.  0. ]
 [9.  9.  9.  ... 0.  0.  0. ]]
Weight of the optimal tree: 1372.0
Processing matrix from file: mst2.txt
[[ 0.   0.   0.  ...  0.   0.  10. ]
 [ 0.   0.   0.  ...  8.   9.5 10. ]
 [ 0.   0.   0.  ...  0.   9.5 10. ]
 ...
 [ 0.   8.   0.  ...  0.   0.   0. ]
 [ 0.   9.5  9.5 ...  0.   0.   0. ]
 [10.  10.  10.  ...  0.   0.   0. ]]
Weight of the optimal tree: 921.5
Processing matrix from file: matrix2.txt
[[0. 0. 0. 0. 1. 0. 1.]
 [0. 0. 0. 0. 1. 0. 1.]
 [0. 0. 0. 0. 0. 1. 1.]
 [0. 0. 0. 0. 0. 1. 1.]
 [1. 1. 0. 0. 0. 0. 0.]
 [0. 0. 1. 1. 0. 0. 0.]
 [1. 1. 1. 1. 0. 0. 0.]]
Weight of the optimal tree: 8.0
Processing matrix from file: matrix4.txt
[[0.  0.  0.  0.  0.  0.5 0.  0.5 0.5]
 [0.  0.  0.  0.  0.  0.5 0.  0.5 0.5]
 [0.  0.  0.  0.  0.  0.  0.5 0.  0.5]
 [0.  0.  0.  0.  0.  0.  0.5 0.  0.5]
 [0.  0.  0.  0.  0.  0.  0.  0.5 0.5]
 [0.5 0.5 0.  0.  0.  0.  0.  0.  0. ]
 [0.  0.  0.5 0.5 0.  0.  0.  0.  0. ]
 [0.5 0.5 0.  0.  0.5 0.  0.  0.  0. ]
 [0.5 0.5 0.5 0.5 0.5 0.  0.  0.  0. ]]
Weight of the optimal tree: 6.0
Processing matrix from file: hc4.txt
[[0.  0.  0.  ... 7.5 0.  9. ]
 [0.  0.  0.  ... 0.  7.5 9. ]
 [0.  0.  0.  ... 0.  7.5 9. ]
 ...
 [7.5 0.  0.  ... 0.  0.  0. ]
 [0.  7.5 7.5 ... 0.  0.  0. ]
 [9.  9.  9.  ... 0.  0.  0. ]]
Weight of the optimal tree: 2008.0
Processing matrix from file: mst7.txt
[[0.  0.  0.  ... 0.  0.  8. ]
 [0.  0.  0.  ... 7.5 7.5 8. ]
 [0.  0.  0.  ... 0.  0.  8. ]
 ...
 [0.  7.5 0.  ... 0.  0.  0. ]
 [0.  7.5 0.  ... 0.  0.  0. ]
 [8.  8.  8.  ... 0.  0.  0. ]]
Weight of the optimal tree: 961.0
Processing matrix from file: mst5.txt
[[0.  0.  0.  ... 7.  0.  8.5]
 [0.  0.  0.  ... 0.  7.5 8.5]
 [0.  0.  0.  ... 0.  7.5 8.5]
 ...
 [7.  0.  0.  ... 0.  0.  0. ]
 [0.  7.5 7.5 ... 0.  0.  0. ]
 [8.5 8.5 8.5 ... 0.  0.  0. ]]
Weight of the optimal tree: 738.0
Processing matrix from file: matrix7.txt
[[0. 0. 0. 1. 1.]
 [0. 0. 0. 1. 1.]
 [0. 0. 0. 0. 1.]
 [1. 1. 0. 0. 0.]
 [1. 1. 1. 0. 0.]]
Weight of the optimal tree: 5.0
Processing matrix from file: mst1.txt
[[0.  0.  0.  0.  0.  0.  0.  0.  0.  0.  0.  2.5 3.  0.  0.  5.  8. ]
 [0.  0.  0.  0.  0.  0.  0.  0.  0.  0.  0.  0.  3.  0.  0.  5.  8. ]
 [0.  0.  0.  0.  0.  0.  0.  0.  0.  0.  0.  0.  0.  0.  4.  5.  8. ]
 [0.  0.  0.  0.  0.  0.  0.  0.  0.  0.  1.5 0.  0.  3.  0.  0.  8. ]
 [0.  0.  0.  0.  0.  0.  0.  0.  0.  0.  0.  0.  0.  3.  0.  0.  8. ]
 [0.  0.  0.  0.  0.  0.  0.  0.  0.  1.  0.  2.5 3.  0.  0.  5.  8. ]
 [0.  0.  0.  0.  0.  0.  0.  0.  0.  0.  1.5 0.  0.  3.  0.  0.  8. ]
 [0.  0.  0.  0.  0.  0.  0.  0.  0.  1.  0.  2.5 3.  0.  0.  5.  8. ]
 [0.  0.  0.  0.  0.  0.  0.  0.  0.  0.  0.  0.  0.  0.  4.  5.  8. ]
 [0.  0.  0.  0.  0.  1.  0.  1.  0.  0.  0.  0.  0.  0.  0.  0.  0. ]
 [0.  0.  0.  1.5 0.  0.  1.5 0.  0.  0.  0.  0.  0.  0.  0.  0.  0. ]
 [2.5 0.  0.  0.  0.  2.5 0.  2.5 0.  0.  0.  0.  0.  0.  0.  0.  0. ]
 [3.  3.  0.  0.  0.  3.  0.  3.  0.  0.  0.  0.  0.  0.  0.  0.  0. ]
 [0.  0.  0.  3.  3.  0.  3.  0.  0.  0.  0.  0.  0.  0.  0.  0.  0. ]
 [0.  0.  4.  0.  0.  0.  0.  0.  4.  0.  0.  0.  0.  0.  0.  0.  0. ]
 [5.  5.  5.  0.  0.  5.  0.  5.  5.  0.  0.  0.  0.  0.  0.  0.  0. ]
 [8.  8.  8.  8.  8.  8.  8.  8.  8.  0.  0.  0.  0.  0.  0.  0.  0. ]]
Weight of the optimal tree: 143.5
Processing matrix from file: mst4.txt
[[0. 0. 0. ... 0. 0. 9.]
 [0. 0. 0. ... 0. 8. 9.]
 [0. 0. 0. ... 0. 8. 9.]
 ...
 [0. 0. 0. ... 0. 0. 0.]
 [0. 8. 8. ... 0. 0. 0.]
 [9. 9. 9. ... 0. 0. 0.]]
Weight of the optimal tree: 685.5
Processing matrix from file: mst3.txt
[[0.  0.  0.  0.  0.  0.  0.  0.  0.  0.  0.  0.  0.  0.  0.  0.  0.  5.
  0.  0.  0.  8.5 9. ]
 [0.  0.  0.  0.  0.  0.  0.  0.  0.  0.  0.  0.  0.5 0.  2.5 0.  4.  0.
  0.  0.  7.5 0.  9. ]
 [0.  0.  0.  0.  0.  0.  0.  0.  0.  0.  0.  0.  0.  0.  0.  0.  0.  5.
  0.  0.  0.  8.5 9. ]
 [0.  0.  0.  0.  0.  0.  0.  0.  0.  0.  0.  0.  0.  0.  0.  0.  0.  0.
  5.  0.  0.  8.5 9. ]
 [0.  0.  0.  0.  0.  0.  0.  0.  0.  0.  0.  0.  0.  2.  0.  0.  0.  0.
  5.  0.  0.  8.5 9. ]
 [0.  0.  0.  0.  0.  0.  0.  0.  0.  0.  0.  0.  0.  0.  0.  0.  0.  0.
  0.  6.  7.5 0.  9. ]
 [0.  0.  0.  0.  0.  0.  0.  0.  0.  0.  0.  0.  0.  0.  0.  3.5 0.  0.
  0.  6.  7.5 0.  9. ]
 [0.  0.  0.  0.  0.  0.  0.  0.  0.  0.  0.  0.  0.  0.  0.  3.5 0.  0.
  0.  6.  7.5 0.  9. ]
 [0.  0.  0.  0.  0.  0.  0.  0.  0.  0.  0.  0.  0.  2.  0.  0.  0.  0.
  5.  0.  0.  8.5 9. ]
 [0.  0.  0.  0.  0.  0.  0.  0.  0.  0.  0.  0.  0.  0.  0.  0.  4.  0.
  0.  0.  7.5 0.  9. ]
 [0.  0.  0.  0.  0.  0.  0.  0.  0.  0.  0.  0.  0.  0.  2.5 0.  4.  0.
  0.  0.  7.5 0.  9. ]
 [0.  0.  0.  0.  0.  0.  0.  0.  0.  0.  0.  0.  0.5 0.  2.5 0.  4.  0.
  0.  0.  7.5 0.  9. ]
 [0.  0.5 0.  0.  0.  0.  0.  0.  0.  0.  0.  0.5 0.  0.  0.  0.  0.  0.
  0.  0.  0.  0.  0. ]
 [0.  0.  0.  0.  2.  0.  0.  0.  2.  0.  0.  0.  0.  0.  0.  0.  0.  0.
  0.  0.  0.  0.  0. ]
 [0.  2.5 0.  0.  0.  0.  0.  0.  0.  0.  2.5 2.5 0.  0.  0.  0.  0.  0.
  0.  0.  0.  0.  0. ]
 [0.  0.  0.  0.  0.  0.  3.5 3.5 0.  0.  0.  0.  0.  0.  0.  0.  0.  0.
  0.  0.  0.  0.  0. ]
 [0.  4.  0.  0.  0.  0.  0.  0.  0.  4.  4.  4.  0.  0.  0.  0.  0.  0.
  0.  0.  0.  0.  0. ]
 [5.  0.  5.  0.  0.  0.  0.  0.  0.  0.  0.  0.  0.  0.  0.  0.  0.  0.
  0.  0.  0.  0.  0. ]
 [0.  0.  0.  5.  5.  0.  0.  0.  5.  0.  0.  0.  0.  0.  0.  0.  0.  0.
  0.  0.  0.  0.  0. ]
 [0.  0.  0.  0.  0.  6.  6.  6.  0.  0.  0.  0.  0.  0.  0.  0.  0.  0.
  0.  0.  0.  0.  0. ]
 [0.  7.5 0.  0.  0.  7.5 7.5 7.5 0.  7.5 7.5 7.5 0.  0.  0.  0.  0.  0.
  0.  0.  0.  0.  0. ]
 [8.5 0.  8.5 8.5 8.5 0.  0.  0.  8.5 0.  0.  0.  0.  0.  0.  0.  0.  0.
  0.  0.  0.  0.  0. ]
 [9.  9.  9.  9.  9.  9.  9.  9.  9.  9.  9.  9.  0.  0.  0.  0.  0.  0.
  0.  0.  0.  0.  0. ]]
Weight of the optimal tree: 281.5

