Processing matrix from file: hc3.txt
No ultrametric tree found.
Processing matrix from file: matrix3.txt
[[0.         0.         0.         0.         0.         0.
  3.        ]
 [0.         0.         0.         0.         0.         2.29128785
  0.        ]
 [0.         0.         0.         0.         1.58113883 0.
  0.        ]
 [0.         0.         0.         0.         1.58113883 0.
  0.        ]
 [0.         0.         1.58113883 1.58113883 0.         0.71014902
  0.        ]
 [0.         2.29128785 0.         0.         0.71014902 0.
  0.70871215]
 [3.         0.         0.         0.         0.         0.70871215
  0.        ]]
Weight of the optimal tree: 9.87242667756211
Processing matrix from file: mst6.txt
No ultrametric tree found.
Processing matrix from file: matrix8.txt
[[ 0.          0.          0.          0.          0.          0.
   0.         14.36140662  0.        ]
 [ 0.          0.          0.          0.          0.          0.
  10.60660172  0.          0.        ]
 [ 0.          0.          0.          0.          0.          0.
  10.60660172  0.          0.        ]
 [ 0.          0.          0.          0.          0.          7.07106781
   0.          0.          0.        ]
 [ 0.          0.          0.          0.          0.          7.07106781
   0.          0.          0.        ]
 [ 0.          0.          0.          7.07106781  7.07106781  0.
   0.          0.          7.92893219]
 [ 0.         10.60660172 10.60660172  0.          0.          0.
   0.          3.7548049   0.        ]
 [14.36140662  0.          0.          0.          0.          0.
   3.7548049   0.          0.63859338]
 [ 0.          0.          0.          0.          0.          7.92893219
   0.          0.63859338  0.        ]]
Weight of the optimal tree: 62.03907614600876
Processing matrix from file: matrix5.txt
[[0.         0.         0.         0.         0.         7.07106781
  0.         0.         0.        ]
 [0.         0.         0.         0.         0.         7.07106781
  0.         0.         0.        ]
 [0.         0.         0.         0.         0.         0.
  7.07106781 0.         0.        ]
 [0.         0.         0.         0.         0.         0.
  0.         7.07106781 0.        ]
 [0.         0.         0.         0.         0.         0.
  0.         0.         7.07106781]
 [7.07106781 7.07106781 0.         0.         0.         0.
  0.         0.         0.        ]
 [0.         0.         7.07106781 0.         0.         0.
  0.         0.         0.        ]
 [0.         0.         0.         7.07106781 0.         0.
  0.         0.         0.        ]
 [0.         0.         0.         0.         7.07106781 0.
  0.         0.         0.        ]]
Weight of the optimal tree: 35.35533905932738
Processing matrix from file: hc2.txt
[[ 0.          0.          0.         ...  0.          0.
   0.        ]
 [ 0.          0.          0.         ...  0.          0.
   0.        ]
 [ 0.          0.          0.         ...  0.         15.09138827
   0.        ]
 ...
 [ 0.          0.          0.         ...  0.          0.
   2.73105576]
 [ 0.          0.         15.09138827 ...  0.          0.
   1.1951092 ]
 [ 0.          0.          0.         ...  2.73105576  1.1951092
   0.        ]]
Weight of the optimal tree: 485.8258138574721
Processing matrix from file: matrix6.txt
[[0.         0.         0.         0.8660254  0.        ]
 [0.         0.         0.         0.8660254  0.        ]
 [0.         0.         0.         0.         7.79422863]
 [0.8660254  0.8660254  0.         0.         6.92820323]
 [0.         0.         7.79422863 6.92820323 0.        ]]
Weight of the optimal tree: 16.454482671904334
Processing matrix from file: matrix1.txt
[[0.         0.         0.         0.8660254  0.        ]
 [0.         0.         0.         0.8660254  0.        ]
 [0.         0.         0.         0.         1.73205081]
 [0.8660254  0.8660254  0.         0.         0.8660254 ]
 [0.         0.         1.73205081 0.8660254  0.        ]]
Weight of the optimal tree: 4.330127018922193
Processing matrix from file: hc1.txt
No ultrametric tree found.
Processing matrix from file: mst2.txt
No ultrametric tree found.
Processing matrix from file: matrix2.txt
[[0.         0.         0.         0.         1.41421356 0.
  0.        ]
 [0.         0.         0.         0.         1.41421356 0.
  0.        ]
 [0.         0.         0.         0.         0.         1.41421356
  0.        ]
 [0.         0.         0.         0.         0.         0.
  1.41421356]
 [1.41421356 1.41421356 0.         0.         0.         0.
  0.        ]
 [0.         0.         1.41421356 0.         0.         0.
  0.        ]
 [0.         0.         0.         1.41421356 0.         0.
  0.        ]]
Weight of the optimal tree: 5.656854249492381
Processing matrix from file: matrix4.txt
[[0.         0.         0.         0.         0.         0.70710678
  0.         0.         0.        ]
 [0.         0.         0.         0.         0.         0.70710678
  0.         0.         0.        ]
 [0.         0.         0.         0.         0.         0.
  0.70710678 0.         0.        ]
 [0.         0.         0.         0.         0.         0.
  0.         0.70710678 0.        ]
 [0.         0.         0.         0.         0.         0.
  0.         0.         0.70710678]
 [0.70710678 0.70710678 0.         0.         0.         0.
  0.         0.         0.        ]
 [0.         0.         0.70710678 0.         0.         0.
  0.         0.         0.        ]
 [0.         0.         0.         0.70710678 0.         0.
  0.         0.         0.        ]
 [0.         0.         0.         0.         0.70710678 0.
  0.         0.         0.        ]]
Weight of the optimal tree: 3.5355339059327378
Processing matrix from file: hc4.txt
No ultrametric tree found.
Processing matrix from file: mst7.txt
No ultrametric tree found.
Processing matrix from file: mst5.txt
No ultrametric tree found.
Processing matrix from file: matrix7.txt
[[0.         0.         0.         1.41421356 0.        ]
 [0.         0.         0.         1.41421356 0.        ]
 [0.         0.         0.         0.         1.41421356]
 [1.41421356 1.41421356 0.         0.         0.        ]
 [0.         0.         1.41421356 0.         0.        ]]
Weight of the optimal tree: 4.242640687119286
Processing matrix from file: mst1.txt
[[0.         0.         0.         0.         0.         0.
  0.         0.         0.         0.         0.         0.
  0.         4.5        0.         0.         0.        ]
 [0.         0.         0.         0.         0.         0.
  0.         0.         0.         0.         0.         0.
  3.         0.         0.         0.         0.        ]
 [0.         0.         0.         0.         0.         0.
  0.         0.         0.         0.         0.         0.
  3.         0.         0.         0.         0.        ]
 [0.         0.         0.         0.         0.         0.
  0.         0.         0.         0.         0.         4.24264069
  0.         0.         0.         0.         0.        ]
 [0.         0.         0.         0.         0.         0.
  0.         0.         0.         0.         0.         4.24264069
  0.         0.         0.         0.         0.        ]
 [0.         0.         0.         0.         0.         0.
  0.         0.         0.         0.         0.         0.
  0.         0.         0.         7.5        0.        ]
 [0.         0.         0.         0.         0.         0.
  0.         0.         0.         0.         4.5        0.
  0.         0.         0.         0.         0.        ]
 [0.         0.         0.         0.         0.         0.
  0.         0.         0.         4.24264069 0.         0.
  0.         0.         0.         0.         0.        ]
 [0.         0.         0.         0.         0.         0.
  0.         0.         0.         4.24264069 0.         0.
  0.         0.         0.         0.         0.        ]
 [0.         0.         0.         0.         0.         0.
  0.         4.24264069 4.24264069 0.         1.5        0.
  0.         0.         0.         0.         0.        ]
 [0.         0.         0.         0.         0.         0.
  4.5        0.         0.         1.5        0.         0.
  0.         0.         0.         0.         3.25735931]
 [0.         0.         0.         4.24264069 4.24264069 0.
  0.         0.         0.         0.         0.         0.
  0.         0.         0.25735931 0.         0.        ]
 [0.         3.         3.         0.         0.         0.
  0.         0.         0.         0.         0.         0.
  0.         0.         0.         0.         0.        ]
 [4.5        0.         0.         0.         0.         0.
  0.         0.         0.         0.         0.         0.
  0.         0.         0.         0.         0.        ]
 [0.         0.         0.         0.         0.         0.
  0.         0.         0.         0.         0.         0.25735931
  0.         0.         0.         3.         0.        ]
 [0.         0.         0.         0.         0.         7.5
  0.         0.         0.         0.         0.         0.
  0.         0.         3.         0.         0.        ]
 [0.         0.         0.         0.         0.         0.
  0.         0.         0.         0.         3.25735931 0.
  0.         0.         0.         0.         0.        ]]
Weight of the optimal tree: 47.48528137423857
Processing matrix from file: mst4.txt
No ultrametric tree found.
Processing matrix from file: mst3.txt
[[ 0.          0.          0.          0.          0.          0.
   0.          0.          0.          0.          0.          0.
   0.          0.          0.          7.74596669  0.          0.
   0.          0.          0.          0.          0.        ]
 [ 0.          0.          0.          0.          0.          0.
   0.          0.          0.          0.          0.          0.
   0.          6.51920241  0.          0.          0.          0.
   0.          0.          0.          0.          0.        ]
 [ 0.          0.          0.          0.          0.          0.
   0.          0.          0.          0.          0.          0.
   0.          0.          0.          0.          0.          0.
   0.          0.          0.          9.02773504  0.        ]
 [ 0.          0.          0.          0.          0.          0.
   0.          0.          0.          0.          0.          0.
   0.          0.          0.          0.          0.          0.
   0.          0.          0.          0.         10.46422477]
 [ 0.          0.          0.          0.          0.          0.
   0.          0.          0.          0.          0.          0.
   0.          6.51920241  0.          0.          0.          0.
   0.          0.          0.          0.          0.        ]
 [ 0.          0.          0.          0.          0.          0.
   0.          0.          0.          0.          0.          0.
   0.          0.          0.          0.          0.          0.
   0.          8.77496439  0.          0.          0.        ]
 [ 0.          0.          0.          0.          0.          0.
   0.          0.          0.          0.          0.          0.
   0.          0.          0.          0.          7.79422863  0.
   0.          0.          0.          0.          0.        ]
 [ 0.          0.          0.          0.          0.          0.
   0.          0.          0.          0.          0.          0.
   0.          0.          0.          0.          0.          0.
   0.          0.          8.90224691  0.          0.        ]
 [ 0.          0.          0.          0.          0.          0.
   0.          0.          0.          0.          0.          0.
   6.70820393  0.          0.          0.          0.          0.
   0.          0.          0.          0.          0.        ]
 [ 0.          0.          0.          0.          0.          0.
   0.          0.          0.          0.          0.          0.
   0.          0.          7.56637298  0.          0.          0.
   0.          0.          0.          0.          0.        ]
 [ 0.          0.          0.          0.          0.          0.
   0.          0.          0.          0.          0.          0.
   6.70820393  0.          0.          0.          0.          0.
   0.          0.          0.          0.          0.        ]
 [ 0.          0.          0.          0.          0.          0.
   0.          0.          0.          0.          0.          0.
   0.          0.          0.          0.          0.          0.
   8.76070773  0.          0.          0.          0.        ]
 [ 0.          0.          0.          0.          0.          0.
   0.          0.          6.70820393  0.          6.70820393  0.
   0.          0.          0.          0.          0.          1.69663596
   0.          0.          0.          0.          0.        ]
 [ 0.          6.51920241  0.          0.          6.51920241  0.
   0.          0.          0.          0.          0.          0.
   0.          0.          0.85816904  0.          0.          0.
   0.          0.          0.          0.          0.        ]
 [ 0.          0.          0.          0.          0.          0.
   0.          0.          0.          7.56637298  0.          0.
   0.          0.85816904  0.          0.17959372  0.          0.
   0.          0.          0.          0.          0.        ]
 [ 7.74596669  0.          0.          0.          0.          0.
   0.          0.          0.          0.          0.          0.
   0.          0.          0.17959372  0.          0.04826194  0.
   0.          0.          0.          0.          0.        ]
 [ 0.          0.          0.          0.          0.          0.
   7.79422863  0.          0.          0.          0.          0.
   0.          0.          0.          0.04826194  0.          0.42160973
   0.          0.          0.          0.          0.        ]
 [ 0.          0.          0.          0.          0.          0.
   0.          0.          0.          0.          0.          0.
   1.69663596  0.          0.          0.          0.42160973  0.
   0.54486937  0.          0.          0.          0.        ]
 [ 0.          0.          0.          0.          0.          0.
   0.          0.          0.          0.          0.          8.76070773
   0.          0.          0.          0.          0.          0.54486937
   0.          0.01425665  0.          0.          0.        ]
 [ 0.          0.          0.          0.          0.          8.77496439
   0.          0.          0.          0.          0.          0.
   0.          0.          0.          0.          0.          0.
   0.01425665  0.          0.12728252  0.          0.        ]
 [ 0.          0.          0.          0.          0.          0.
   0.          8.90224691  0.          0.          0.          0.
   0.          0.          0.          0.          0.          0.
   0.          0.12728252  0.          0.12548814  0.        ]
 [ 0.          0.          9.02773504  0.          0.          0.
   0.          0.          0.          0.          0.          0.
   0.          0.          0.          0.          0.          0.
   0.          0.          0.12548814  0.          1.43648973]
 [ 0.          0.          0.         10.46422477  0.          0.
   0.          0.          0.          0.          0.          0.
   0.          0.          0.          0.          0.          0.
   0.          0.          0.          1.43648973  0.        ]]
Weight of the optimal tree: 100.9439166097975