Processing matrix from file: matrix3.txt
[[0.         0.80180851 0.         0.54000693 0.         0.
  0.        ]
 [0.80180851 0.         0.55848612 0.         0.         0.
  0.        ]
 [0.         0.55848612 0.         0.54754935 0.         0.
  0.        ]
 [0.54000693 0.         0.54754935 0.         0.         0.
  0.        ]
 [0.         0.         0.         0.         0.         0.
  0.        ]
 [0.         0.         0.         0.         0.         0.
  0.        ]
 [0.         0.         0.         0.         0.         0.
  0.        ]]
Weight of the optimal tree: 2.4478509119481493
Processing matrix from file: matrix8.txt
[[0.         0.9668562  0.         0.         0.         0.
  0.         0.         0.        ]
 [0.9668562  0.         1.4585093  0.         0.         0.
  0.         0.         0.        ]
 [0.         1.4585093  0.         0.92997162 0.         0.
  0.         0.         0.        ]
 [0.         0.         0.92997162 0.         0.65777671 0.
  0.         0.         0.        ]
 [0.         0.         0.         0.65777671 0.         0.
  0.         0.         0.        ]
 [0.         0.         0.         0.         0.         0.
  0.         0.         0.        ]
 [0.         0.         0.         0.         0.         0.
  0.         0.         0.        ]
 [0.         0.         0.         0.         0.         0.
  0.         0.         0.        ]
 [0.         0.         0.         0.         0.         0.
  0.         0.         0.        ]]
Weight of the optimal tree: 4.013113828394452
Processing matrix from file: matrix5.txt
[[0.         1.09702596 0.         0.         0.         0.
  0.         0.         0.        ]
 [1.09702596 0.         1.10811752 0.         0.         0.
  0.         0.         0.        ]
 [0.         1.10811752 0.         0.60961553 0.         0.
  0.         0.         0.        ]
 [0.         0.         0.60961553 0.         1.37510794 0.
  0.         0.         0.        ]
 [0.         0.         0.         1.37510794 0.         0.
  0.         0.         0.        ]
 [0.         0.         0.         0.         0.         0.
  0.         0.         0.        ]
 [0.         0.         0.         0.         0.         0.
  0.         0.         0.        ]
 [0.         0.         0.         0.         0.         0.
  0.         0.         0.        ]
 [0.         0.         0.         0.         0.         0.
  0.         0.         0.        ]]
Weight of the optimal tree: 4.189866944801895
Processing matrix from file: matrix6.txt
[[0.         0.50245146 0.         0.         0.        ]
 [0.50245146 0.         0.53745103 0.         0.        ]
 [0.         0.53745103 0.         0.         0.        ]
 [0.         0.         0.         0.         0.        ]
 [0.         0.         0.         0.         0.        ]]
Weight of the optimal tree: 1.0399024933681185
Processing matrix from file: matrix1.txt
[[0.         0.50000048 0.         0.         0.        ]
 [0.50000048 0.         0.50017405 0.         0.        ]
 [0.         0.50017405 0.         0.         0.        ]
 [0.         0.         0.         0.         0.        ]
 [0.         0.         0.         0.         0.        ]]
Weight of the optimal tree: 1.0001745230955503
Processing matrix from file: matrix2.txt
[[0.         0.58938114 0.         0.         0.         0.
  0.        ]
 [0.58938114 0.         0.68581046 0.58096883 0.         0.
  0.        ]
 [0.         0.68581046 0.         0.5286022  0.         0.
  0.        ]
 [0.         0.58096883 0.5286022  0.         0.         0.
  0.        ]
 [0.         0.         0.         0.         0.         0.
  0.        ]
 [0.         0.         0.         0.         0.         0.
  0.        ]
 [0.         0.         0.         0.         0.         0.
  0.        ]]
Weight of the optimal tree: 2.384762631341385
Processing matrix from file: matrix4.txt
[[0.         0.62838616 0.         0.59712561 0.         0.
  0.         0.         0.        ]
 [0.62838616 0.         0.97478954 0.53495613 0.         0.
  0.         0.         0.        ]
 [0.         0.97478954 0.         0.57642831 0.73578708 0.
  0.         0.         0.        ]
 [0.59712561 0.53495613 0.57642831 0.         0.55028656 0.
  0.         0.         0.        ]
 [0.         0.         0.73578708 0.55028656 0.         0.
  0.         0.         0.        ]
 [0.         0.         0.         0.         0.         0.
  0.         0.         0.        ]
 [0.         0.         0.         0.         0.         0.
  0.         0.         0.        ]
 [0.         0.         0.         0.         0.         0.
  0.         0.         0.        ]
 [0.         0.         0.         0.         0.         0.
  0.         0.         0.        ]]
Weight of the optimal tree: 4.597759398821879
Processing matrix from file: matrix7.txt
[[0.         0.52240555 0.         0.         0.        ]
 [0.52240555 0.         0.50856266 0.         0.        ]
 [0.         0.50856266 0.         0.         0.        ]
 [0.         0.         0.         0.         0.        ]
 [0.         0.         0.         0.         0.        ]]
Weight of the optimal tree: 1.030968211142595