Processing hc1.txt...
[(0, 5, 1), (0, 11, 1), (0, 23, 1), (0, 7, 2), (0, 17, 2), (0, 24, 2), (0, 27, 2), (0, 30, 2), (5, 10, 2), (11, 21, 2), (0, 2, 3), (0, 4, 3), (0, 18, 3), (0, 19, 3), (0, 31, 3), (0, 34, 3), (5, 35, 3), (7, 36, 3), (7, 37, 3), (10, 12, 3), (10, 20, 3), (10, 26, 3), (21, 25, 3), (21, 28, 3), (27, 32, 3), (0, 9, 4), (0, 22, 4), (0, 29, 4), (4, 8, 4), (5, 14, 4), (5, 15, 4), (11, 33, 4), (2, 6, 5), (4, 13, 5), (5, 16, 5), (0, 1, 8), (2, 3, 8)]
Total weight: 121, Elapsed time: 0.0010273456573486328 seconds

Processing hc2.txt...
[(0, 3, 1), (0, 14, 1), (0, 15, 1), (0, 24, 1), (0, 25, 1), (0, 37, 1), (0, 38, 1), (0, 17, 2), (0, 21, 2), (0, 26, 2), (0, 27, 2), (0, 29, 2), (0, 35, 2), (3, 10, 2), (3, 19, 2), (3, 20, 2), (24, 30, 2), (25, 36, 2), (0, 4, 3), (3, 7, 3), (3, 18, 3), (3, 28, 3), (3, 34, 3), (3, 39, 3), (10, 33, 3), (26, 31, 3), (0, 1, 4), (3, 5, 4), (3, 16, 4), (4, 9, 4), (14, 23, 4), (15, 32, 4), (5, 13, 5), (9, 22, 5), (7, 8, 6), (9, 11, 6), (10, 12, 6), (0, 2, 7), (5, 6, 9)]
Total weight: 121, Elapsed time: 0.0017731189727783203 seconds

Processing hc3.txt...
[(0, 3, 1), (0, 4, 1), (0, 14, 1), (0, 24, 1), (0, 1, 2), (0, 8, 2), (0, 9, 2), (0, 22, 2), (0, 39, 2), (0, 42, 2), (3, 25, 2), (3, 32, 2), (3, 35, 2), (4, 33, 2), (4, 37, 2), (14, 19, 2), (14, 20, 2), (0, 2, 3), (0, 17, 3), (0, 23, 3), (0, 31, 3), (1, 26, 3), (1, 30, 3), (1, 34, 3), (1, 41, 3), (3, 27, 3), (3, 29, 3), (4, 15, 3), (8, 12, 3), (8, 18, 3), (19, 28, 3), (24, 36, 3), (32, 40, 3), (0, 11, 4), (2, 10, 4), (2, 38, 4), (3, 5, 4), (3, 6, 4), (9, 21, 4), (12, 13, 4), (2, 16, 5), (3, 7, 5)]
Total weight: 116, Elapsed time: 0.0013687610626220703 seconds

Processing hc4.txt...
[(0, 3, 1), (0, 10, 1), (0, 16, 1), (0, 23, 1), (0, 25, 1), (0, 48, 1), (0, 2, 2), (0, 5, 2), (0, 45, 2), (0, 47, 2), (0, 49, 2), (3, 32, 2), (3, 34, 2), (3, 41, 2), (3, 43, 2), (10, 21, 2), (10, 40, 2), (16, 26, 2), (16, 27, 2), (16, 33, 2), (16, 35, 2), (16, 42, 2), (16, 44, 2), (23, 28, 2), (25, 30, 2), (0, 22, 3), (2, 7, 3), (2, 13, 3), (2, 14, 3), (2, 19, 3), (3, 20, 3), (3, 37, 3), (16, 39, 3), (21, 38, 3), (28, 31, 3), (41, 46, 3), (0, 9, 4), (0, 15, 4), (0, 17, 4), (0, 36, 4), (2, 12, 4), (2, 18, 4), (19, 29, 4), (0, 1, 5), (0, 8, 5), (5, 6, 5), (5, 24, 5), (9, 11, 5), (2, 4, 8)]
Total weight: 138, Elapsed time: 0.0017101764678955078 seconds

Processing matrix1.txt...
[(0, 1, 1), (1, 2, 2)]
Total weight: 3, Elapsed time: 6.222724914550781e-05 seconds

Processing matrix2.txt...
[(0, 1, 2), (0, 2, 2), (0, 3, 2)]
Total weight: 6, Elapsed time: 4.172325134277344e-05 seconds

Processing matrix3.txt...
[(2, 3, 1), (1, 2, 2), (0, 1, 3)]
Total weight: 6, Elapsed time: 2.86102294921875e-05 seconds

Processing matrix4.txt...
[(0, 1, 1), (0, 2, 1), (0, 3, 1), (0, 4, 1)]
Total weight: 4, Elapsed time: 3.170967102050781e-05 seconds

Processing matrix5.txt...
[(0, 1, 10), (0, 2, 10), (0, 3, 10), (0, 4, 10)]
Total weight: 40, Elapsed time: 3.1948089599609375e-05 seconds

Processing matrix6.txt...
[(0, 1, 1), (1, 2, 9)]
Total weight: 10, Elapsed time: 2.288818359375e-05 seconds

Processing matrix7.txt...
[(0, 1, 2), (0, 2, 2)]
Total weight: 4, Elapsed time: 2.574920654296875e-05 seconds

Processing matrix8.txt...
[(3, 4, 10), (1, 2, 15), (0, 1, 20), (0, 3, 20)]
Total weight: 65, Elapsed time: 4.38690185546875e-05 seconds

Processing mst1.txt...
[(1, 2, 2), (0, 1, 3), (2, 3, 3), (2, 4, 3), (6, 7, 3), (6, 8, 3), (0, 6, 5), (1, 5, 5)]
Total weight: 27, Elapsed time: 6.961822509765625e-05 seconds

Processing mst2.txt...
[(0, 21, 1), (0, 23, 1), (0, 17, 2), (21, 22, 2), (0, 4, 3), (0, 10, 3), (0, 14, 3), (0, 1, 4), (0, 7, 4), (14, 19, 4), (0, 5, 5), (1, 16, 5), (4, 12, 5), (4, 15, 5), (10, 18, 5), (14, 20, 5), (0, 3, 6), (4, 8, 6), (10, 11, 6), (0, 6, 7), (4, 13, 7), (0, 9, 9), (0, 2, 10)]
Total weight: 108, Elapsed time: 0.0004000663757324219 seconds

Processing mst3.txt...
[(0, 6, 1), (0, 4, 2), (0, 1, 3), (0, 8, 3), (0, 11, 3), (8, 10, 4), (0, 9, 6), (6, 7, 6), (0, 3, 8), (4, 5, 8), (0, 2, 9)]
Total weight: 53, Elapsed time: 0.00011181831359863281 seconds

Processing mst4.txt...
[(0, 3, 1), (0, 19, 1), (0, 5, 2), (0, 17, 2), (3, 12, 2), (19, 20, 2), (0, 1, 3), (3, 10, 3), (5, 11, 3), (0, 16, 4), (1, 15, 4), (1, 18, 4), (3, 14, 4), (5, 8, 4), (5, 13, 4), (1, 9, 5), (3, 4, 5), (0, 7, 6), (0, 6, 7), (1, 2, 8)]
Total weight: 74, Elapsed time: 0.0007357597351074219 seconds

Processing mst5.txt...
[(0, 1, 1), (0, 12, 1), (0, 15, 1), (0, 2, 2), (0, 14, 2), (0, 18, 2), (0, 19, 2), (0, 21, 2), (0, 25, 2), (1, 11, 2), (12, 22, 2), (15, 20, 2), (0, 23, 3), (1, 24, 3), (2, 3, 3), (2, 5, 3), (2, 13, 3), (12, 17, 3), (1, 4, 4), (1, 9, 4), (5, 10, 4), (5, 16, 4), (0, 8, 5), (2, 6, 5), (1, 7, 7)]
Total weight: 72, Elapsed time: 0.0006220340728759766 seconds

Processing mst6.txt...
[(0, 19, 1), (0, 22, 1), (0, 11, 2), (0, 17, 2), (0, 20, 2), (0, 2, 3), (0, 9, 3), (0, 10, 3), (0, 18, 3), (0, 24, 3), (0, 25, 3), (0, 28, 3), (19, 23, 3), (2, 3, 4), (2, 8, 4), (2, 15, 4), (2, 26, 4), (2, 27, 4), (10, 12, 4), (10, 14, 4), (10, 16, 4), (18, 21, 4), (0, 1, 5), (0, 6, 5), (2, 5, 5), (0, 7, 6), (0, 13, 6), (1, 4, 6)]
Total weight: 101, Elapsed time: 0.0005657672882080078 seconds

Processing mst7.txt...
[(0, 22, 1), (0, 3, 2), (0, 8, 3), (0, 12, 3), (0, 24, 3), (0, 30, 3), (3, 13, 3), (3, 20, 3), (3, 29, 3), (0, 1, 4), (0, 5, 4), (0, 19, 4), (0, 25, 4), (3, 7, 4), (3, 16, 4), (3, 17, 4), (3, 18, 4), (8, 10, 4), (8, 11, 4), (8, 14, 4), (12, 21, 4), (0, 9, 5), (0, 28, 5), (7, 15, 5), (20, 27, 5), (22, 26, 5), (0, 2, 6), (1, 23, 6), (3, 4, 6), (5, 6, 6)]
Total weight: 121, Elapsed time: 0.0006434917449951172 seconds

